,Model_Name,Model_ID,Chain,Residue_Name,Residue_ID,Amino_Acid,Secondary_Structure,Solvent_Accessability,Phi,Psi
0,2JDJ,0,A,MSE,1,X,-,NA,360.0,142.5
1,2JDJ,0,A,GLU,2,E,E,0.26804123711340205,-132.7,160.2
2,2JDJ,0,A,THR,3,T,E,0.22535211267605634,-132.7,133.9
3,2JDJ,0,A,ILE,4,I,E,0.005917159763313609,-119.2,132.8
4,2JDJ,0,A,ILE,5,I,E,0.28994082840236685,-126.4,131.3
5,2JDJ,0,A,HIS,6,H,E,0.11413043478260869,-119.0,139.1
6,2JDJ,0,A,LYS,7,K,E,0.28780487804878047,-87.3,134.1
7,2JDJ,0,A,ILE,8,I,E,0.0,-122.2,125.5
8,2JDJ,0,A,ARG,9,R,E,0.28225806451612906,-110.4,126.6
9,2JDJ,0,A,LEU,10,L,E,0.006097560975609756,-72.8,139.4
10,2JDJ,0,A,PHE,11,F,S,0.4873096446700508,-65.2,-29.9
11,2JDJ,0,A,ASP,12,D,-,0.48466257668711654,-150.5,114.8
12,2JDJ,0,A,VAL,13,V,G,0.2676056338028169,-67.0,-19.8
13,2JDJ,0,A,ALA,14,A,G,0.7169811320754716,-54.0,-29.3
14,2JDJ,0,A,GLN,15,Q,G,0.3484848484848485,-82.7,8.0
15,2JDJ,0,A,ALA,16,A,H,0.11320754716981132,-53.4,-41.9
16,2JDJ,0,A,ASP,17,D,H,0.7423312883435583,-67.5,-39.2
17,2JDJ,0,A,ALA,18,A,H,0.42452830188679247,-60.8,-45.4
18,2JDJ,0,A,PHE,19,F,H,0.01015228426395939,-56.1,-55.6
19,2JDJ,0,A,GLU,20,E,H,0.20103092783505155,-63.2,-33.3
20,2JDJ,0,A,PHE,21,F,H,0.6700507614213198,-68.4,-41.9
21,2JDJ,0,A,TRP,22,W,H,0.11894273127753303,-60.9,-47.8
22,2JDJ,0,A,VAL,23,V,H,0.035211267605633804,-55.3,-55.7
23,2JDJ,0,A,GLN,24,Q,H,0.5656565656565656,-69.6,-31.8
24,2JDJ,0,A,ASN,25,N,H,0.5414012738853503,-111.9,-8.0
25,2JDJ,0,A,VAL,26,V,T,0.4154929577464789,-124.9,-54.3
26,2JDJ,0,A,ASP,27,D,H,0.0736196319018405,-64.3,-54.6
27,2JDJ,0,A,TYR,28,Y,H,0.36936936936936937,-60.7,-39.4
28,2JDJ,0,A,ALA,29,A,H,0.5943396226415094,-68.6,-17.4
29,2JDJ,0,A,THR,30,T,H,0.176056338028169,-93.7,-14.3
30,2JDJ,0,A,CYS,31,C,G,0.17777777777777778,-58.7,-32.6
31,2JDJ,0,A,PRO,32,P,G,0.8014705882352942,-57.9,-23.5
32,2JDJ,0,A,ASP,33,D,G,0.6625766871165644,-90.0,-0.2
33,2JDJ,0,A,LEU,34,L,-,0.04878048780487805,-113.5,95.3
34,2JDJ,0,A,PRO,35,P,T,0.7794117647058824,-57.5,-30.4
35,2JDJ,0,A,SER,36,S,T,0.015384615384615385,-73.6,-16.6
36,2JDJ,0,A,VAL,37,V,E,0.16901408450704225,-83.0,114.7
37,2JDJ,0,A,VAL,38,V,E,0.5,-91.5,-39.3
38,2JDJ,0,A,ARG,39,R,E,0.6169354838709677,-147.6,144.5
39,2JDJ,0,A,PHE,40,F,E,0.16751269035532995,-149.0,133.6
40,2JDJ,0,A,ASP,41,D,E,0.294478527607362,-155.6,150.4
41,2JDJ,0,A,VAL,42,V,E,0.14788732394366197,-120.6,148.0
42,2JDJ,0,A,HIS,43,H,E,0.46195652173913043,-139.6,133.3
43,2JDJ,0,A,ARG,44,R,E,0.6008064516129032,-85.8,111.0
44,2JDJ,0,A,ALA,45,A,-,0.5377358490566038,-92.2,-36.5
45,2JDJ,0,A,SER,46,S,-,0.2076923076923077,-170.6,142.5
46,2JDJ,0,A,LEU,47,L,-,0.4695121951219512,-124.8,24.4
47,2JDJ,0,A,GLN,48,Q,-,0.7373737373737373,-63.5,131.5
48,2JDJ,0,A,ALA,49,A,T,0.5849056603773585,-51.9,-46.7
49,2JDJ,0,A,ASN,50,N,T,1.0,-95.9,19.1
50,2JDJ,0,A,ALA,51,A,-,0.0660377358490566,-59.5,139.1
51,2JDJ,0,A,PRO,52,P,S,0.7426470588235294,-61.2,-23.8
52,2JDJ,0,A,TYR,53,Y,-,0.32882882882882886,-158.8,151.6
53,2JDJ,0,A,HIS,54,H,S,0.005434782608695652,-109.1,-29.1
54,2JDJ,0,A,TYR,55,Y,E,0.013513513513513514,-134.2,156.9
55,2JDJ,0,A,VAL,56,V,E,0.2323943661971831,-128.1,133.9
56,2JDJ,0,A,GLU,57,E,E,0.0979381443298969,-115.1,144.5
57,2JDJ,0,A,VAL,58,V,E,0.31690140845070425,-119.4,116.2
58,2JDJ,0,A,ILE,59,I,E,0.047337278106508875,-115.8,115.1
59,2JDJ,0,A,LYS,60,K,E,0.23414634146341465,-96.5,124.9
60,2JDJ,0,A,ILE,61,I,E,0.0,-128.1,155.6
61,2JDJ,0,A,THR,62,T,S,0.43661971830985913,-61.3,-54.4
62,2JDJ,0,A,ASP,63,D,-,0.4110429447852761,-159.6,159.3
63,2JDJ,0,A,ARG,64,R,H,0.06048387096774194,-58.9,-34.1
64,2JDJ,0,A,ALA,65,A,H,0.3113207547169811,-59.8,-48.9
65,2JDJ,0,A,ALA,66,A,H,0.2830188679245283,-62.7,-44.4
66,2JDJ,0,A,PHE,67,F,H,0.04060913705583756,-60.1,-44.0
67,2JDJ,0,A,ASP,68,D,H,0.06748466257668712,-57.2,-41.2
68,2JDJ,0,A,ALA,69,A,H,0.5566037735849056,-62.2,-46.1
69,2JDJ,0,A,ASP,70,D,H,0.08588957055214724,-58.9,-32.1
70,2JDJ,0,A,MSE,71,X,H,NA,-68.6,-25.7
71,2JDJ,0,A,GLU,72,E,T,0.5103092783505154,-85.1,-5.1
72,2JDJ,0,A,THR,73,T,S,0.3591549295774648,-75.6,159.7
73,2JDJ,0,A,SER,74,S,H,0.8076923076923077,-76.5,-18.2
74,2JDJ,0,A,THR,75,T,H,0.3380281690140845,-58.7,-49.9
75,2JDJ,0,A,PHE,76,F,H,0.15228426395939088,-67.3,-41.8
76,2JDJ,0,A,ALA,77,A,H,0.49056603773584906,-57.8,-32.9
77,2JDJ,0,A,GLY,78,G,H,0.47619047619047616,-70.0,-36.5
78,2JDJ,0,A,LEU,79,L,H,0.07317073170731707,-65.3,-53.8
79,2JDJ,0,A,VAL,80,V,H,0.19718309859154928,-50.7,-44.4
80,2JDJ,0,A,GLN,81,Q,H,0.7727272727272727,-58.2,-47.0
81,2JDJ,0,A,ALA,82,A,H,0.330188679245283,-68.5,-49.4
82,2JDJ,0,A,PHE,83,F,H,0.13705583756345177,-51.2,-47.2
83,2JDJ,0,A,SER,84,S,H,0.4846153846153846,-66.8,-14.3
84,2JDJ,0,A,ARG,85,R,H,0.8104838709677419,-78.3,-18.9
85,2JDJ,0,A,MSE,86,X,H,NA,-119.9,-24.5
86,2JDJ,0,A,ALA,87,A,E,0.009433962264150943,-154.5,163.8
87,2JDJ,0,A,GLU,88,E,E,0.36597938144329895,-140.7,148.7
88,2JDJ,0,A,VAL,89,V,E,0.45774647887323944,-80.1,130.9
89,2JDJ,0,A,VAL,90,V,E,0.4507042253521127,-113.9,-10.4
90,2JDJ,0,A,GLU,91,E,E,0.4329896907216495,-159.9,143.9
91,2JDJ,0,A,GLU,92,E,E,0.12886597938144329,-120.3,132.5
92,2JDJ,0,A,LEU,93,L,E,0.47560975609756095,-117.3,143.0
93,2JDJ,0,A,ALA,94,A,E,0.5566037735849056,-150.0,145.1
94,2JDJ,0,A,GLY,95,G,E,0.42857142857142855,-159.5,168.7
95,2JDJ,0,A,GLU,96,E,E,0.7525773195876289,-93.9,131.6
96,2JDJ,0,A,GLN,97,Q,-,0.24242424242424243,-66.2,142.9
97,2JDJ,0,A,LEU,98,L,-,0.9695121951219512,-86.6,115.5
98,2JDJ,0,A,GLY,99,G,T,0.8333333333333334,63.8,-147.8
99,2JDJ,0,A,SER,100,S,T,0.8692307692307693,-100.1,-4.2
100,2JDJ,0,A,GLY,101,G,-,0.6071428571428571,73.4,-175.1
101,2JDJ,0,A,TYR,102,Y,-,0.9144144144144144,-119.6,137.0
102,2JDJ,0,A,ALA,103,A,-,0.839622641509434,-139.6,124.6
103,2JDJ,0,A,ALA,104,A,-,0.7264150943396226,-60.0,146.8
104,2JDJ,0,A,GLY,105,G,-,1.0,-69.7,360.0
