,Model_Name,Model_ID,Chain,Residue_Name,Residue_ID,Amino_Acid,Secondary_Structure,Solvent_Accessability,Phi,Psi
0,3N79,0,A,SER,2,S,-,0.676923076923077,360.0,-12.6
1,3N79,0,A,GLN,3,Q,E,0.20202020202020202,-113.7,179.7
2,3N79,0,A,ALA,4,A,E,0.0,-142.2,150.2
3,3N79,0,A,ILE,5,I,E,0.0,-114.2,131.7
4,3N79,0,A,GLY,6,G,E,0.0,-114.4,137.0
5,3N79,0,A,ILE,7,I,E,0.023668639053254437,-125.3,129.6
6,3N79,0,A,LEU,8,L,E,0.0,-133.8,126.8
7,3N79,0,A,GLU,9,E,E,0.05670103092783505,-120.4,131.2
8,3N79,0,A,LEU,10,L,E,0.0,-123.9,156.7
9,3N79,0,A,THR,11,T,S,0.5845070422535211,-87.1,-8.3
10,3N79,0,A,SER,12,S,-,0.2692307692307692,-118.7,130.5
11,3N79,0,A,ILE,13,I,H,0.378698224852071,-68.8,-44.6
12,3N79,0,A,ALA,14,A,H,0.6981132075471698,-60.7,-44.7
13,3N79,0,A,LYS,15,K,H,0.14634146341463414,-62.1,-38.4
14,3N79,0,A,GLY,16,G,H,0.0,-58.3,-48.3
15,3N79,0,A,MET,17,M,H,0.6223404255319149,-67.0,-40.1
16,3N79,0,A,GLU,18,E,H,0.5154639175257731,-57.4,-45.5
17,3N79,0,A,LEU,19,L,H,0.0,-72.9,-32.4
18,3N79,0,A,GLY,20,G,H,0.05952380952380952,-59.0,-49.5
19,3N79,0,A,ASP,21,D,H,0.5030674846625767,-57.2,-50.2
20,3N79,0,A,ALA,22,A,H,0.16981132075471697,-59.2,-44.0
21,3N79,0,A,MET,23,M,H,0.0,-70.1,-41.1
22,3N79,0,A,LEU,24,L,H,0.4146341463414634,-60.5,-35.1
23,3N79,0,A,LYS,25,K,H,0.7658536585365854,-77.7,-23.7
24,3N79,0,A,SER,26,S,H,0.34615384615384615,-78.4,-27.6
25,3N79,0,A,ALA,27,A,S,0.1792452830188679,-157.5,167.5
26,3N79,0,A,ASN,28,N,S,0.8535031847133758,-80.7,84.5
27,3N79,0,A,VAL,29,V,-,0.07746478873239436,-130.3,152.8
28,3N79,0,A,ASP,30,D,E,0.5766871165644172,-97.2,138.0
29,3N79,0,A,LEU,31,L,E,0.45121951219512196,-80.5,118.4
30,3N79,0,A,LEU,32,L,E,0.10975609756097561,-97.1,-40.6
31,3N79,0,A,VAL,33,V,E,0.11267605633802817,-142.6,140.6
32,3N79,0,A,SER,34,S,E,0.4153846153846154,-152.3,94.9
33,3N79,0,A,LYS,35,K,E,0.526829268292683,-151.3,154.8
34,3N79,0,A,THR,36,T,E,0.5070422535211268,-81.1,137.6
35,3N79,0,A,ILE,37,I,E,0.1242603550295858,-118.2,142.3
36,3N79,0,A,SER,38,S,T,0.8076923076923077,-60.9,144.1
37,3N79,0,A,PRO,39,P,T,0.9044117647058824,-81.3,-21.3
38,3N79,0,A,GLY,40,G,T,0.32142857142857145,176.7,29.5
39,3N79,0,A,LYS,41,K,E,0.25365853658536586,-89.8,172.3
40,3N79,0,A,PHE,42,F,E,0.02030456852791878,-130.5,136.6
41,3N79,0,A,LEU,43,L,E,0.006097560975609756,-117.2,128.2
42,3N79,0,A,LEU,44,L,E,0.006097560975609756,-121.5,135.4
43,3N79,0,A,MET,45,M,E,0.0,-132.2,134.0
44,3N79,0,A,LEU,46,L,E,0.006097560975609756,-122.1,153.1
45,3N79,0,A,GLY,47,G,E,0.0,-129.9,152.8
46,3N79,0,A,GLY,48,G,E,0.05952380952380952,159.2,-174.3
47,3N79,0,A,ASP,49,D,-,0.5705521472392638,-56.4,150.3
48,3N79,0,A,ILE,50,I,H,0.4260355029585799,-58.8,-42.6
49,3N79,0,A,GLY,51,G,H,0.39285714285714285,-59.3,-49.1
50,3N79,0,A,ALA,52,A,H,0.12264150943396226,-60.5,-43.2
51,3N79,0,A,ILE,53,I,H,0.0,-67.5,-42.3
52,3N79,0,A,GLN,54,Q,H,0.5,-59.3,-43.4
53,3N79,0,A,GLN,55,Q,H,0.5454545454545454,-67.1,-42.9
54,3N79,0,A,ALA,56,A,H,0.0,-62.1,-50.9
55,3N79,0,A,ILE,57,I,H,0.047337278106508875,-66.1,-35.4
56,3N79,0,A,GLU,58,E,H,0.5876288659793815,-57.7,-49.6
57,3N79,0,A,THR,59,T,H,0.2323943661971831,-55.3,-49.9
58,3N79,0,A,GLY,60,G,H,0.0,-61.2,-46.3
59,3N79,0,A,THR,61,T,H,0.2323943661971831,-66.5,-38.8
60,3N79,0,A,SER,62,S,H,0.6307692307692307,-62.0,-27.2
61,3N79,0,A,GLN,63,Q,H,0.42424242424242425,-108.6,-6.4
62,3N79,0,A,ALA,64,A,H,0.0,-71.5,-32.5
63,3N79,0,A,GLY,65,G,G,0.5238095238095238,59.3,-139.5
64,3N79,0,A,GLU,66,E,G,0.9639175257731959,-77.6,-0.0
65,3N79,0,A,MET,67,M,G,0.35106382978723405,-86.7,-6.9
66,3N79,0,A,LEU,68,L,E,0.3902439024390244,-68.5,122.8
67,3N79,0,A,VAL,69,V,E,0.4859154929577465,-92.9,-55.2
68,3N79,0,A,ASP,70,D,E,0.5398773006134969,-161.1,159.3
69,3N79,0,A,SER,71,S,E,0.3076923076923077,-152.7,152.5
70,3N79,0,A,LEU,72,L,E,0.4024390243902439,-152.5,145.5
71,3N79,0,A,VAL,73,V,E,0.23943661971830985,-121.9,125.3
72,3N79,0,A,LEU,74,L,E,0.14634146341463414,-106.7,112.3
73,3N79,0,A,ALA,75,A,E,0.5471698113207547,-91.0,160.1
74,3N79,0,A,ASN,76,N,E,0.6560509554140127,55.3,54.6
75,3N79,0,A,ILE,77,I,E,0.029585798816568046,-102.2,135.6
76,3N79,0,A,HIS,78,H,-,0.33695652173913043,-55.4,138.1
77,3N79,0,A,PRO,79,P,T,0.4411764705882353,-58.8,-28.4
78,3N79,0,A,SER,80,S,T,0.2153846153846154,-69.4,-17.8
79,3N79,0,A,VAL,81,V,H,0.0,-68.1,-32.1
80,3N79,0,A,LEU,82,L,H,0.06707317073170732,-61.3,-57.1
81,3N79,0,A,PRO,83,P,H,0.375,-66.7,-20.6
82,3N79,0,A,ALA,84,A,H,0.0,-69.4,-23.5
83,3N79,0,A,ILE,85,I,H,0.10650887573964497,-84.3,-40.3
84,3N79,0,A,SER,86,S,H,0.5307692307692308,-81.6,-23.5
85,3N79,0,A,GLY,87,G,S,0.40476190476190477,-167.3,-128.3
86,3N79,0,A,LEU,88,L,-,0.5365853658536586,-126.3,141.4
87,3N79,0,A,ASN,89,N,-,0.20382165605095542,-93.3,148.4
88,3N79,0,A,SER,90,S,-,0.8153846153846154,-71.9,136.7
89,3N79,0,A,VAL,91,V,-,0.323943661971831,-79.0,122.4
90,3N79,0,A,ASP,92,D,S,0.7177914110429447,-105.3,-4.8
91,3N79,0,A,LYS,93,K,-,0.36097560975609755,-145.6,144.9
92,3N79,0,A,ARG,94,R,-,0.7258064516129032,-115.0,-11.7
93,3N79,0,A,GLN,95,Q,S,0.4393939393939394,-52.6,-36.8
94,3N79,0,A,ALA,96,A,E,0.0,-150.6,152.3
95,3N79,0,A,VAL,97,V,E,0.0,-117.4,143.9
96,3N79,0,A,GLY,98,G,E,0.011904761904761904,-124.2,142.3
97,3N79,0,A,ILE,99,I,E,0.22485207100591717,-133.1,128.8
98,3N79,0,A,VAL,100,V,E,0.007042253521126761,-126.7,121.7
99,3N79,0,A,GLU,101,E,E,0.25773195876288657,-105.5,131.7
100,3N79,0,A,THR,102,T,E,0.0,-127.9,161.0
101,3N79,0,A,TRP,103,W,E,0.5462555066079295,-83.4,124.7
102,3N79,0,A,SER,104,S,S,0.2076923076923077,87.4,142.2
103,3N79,0,A,VAL,105,V,H,0.007042253521126761,-78.3,-26.7
104,3N79,0,A,ALA,106,A,H,0.2641509433962264,-58.7,-47.9
105,3N79,0,A,ALA,107,A,H,0.018867924528301886,-64.4,-37.2
106,3N79,0,A,CYS,108,C,H,0.0,-65.6,-45.1
107,3N79,0,A,ILE,109,I,H,0.0,-61.5,-48.6
108,3N79,0,A,SER,110,S,H,0.16923076923076924,-61.7,-38.6
109,3N79,0,A,ALA,111,A,H,0.0,-69.1,-41.8
110,3N79,0,A,ALA,112,A,H,0.0,-64.1,-41.9
111,3N79,0,A,ASP,113,D,H,0.09815950920245399,-58.6,-48.8
112,3N79,0,A,ARG,114,R,H,0.45161290322580644,-64.0,-38.0
113,3N79,0,A,ALA,115,A,H,0.0,-60.1,-50.7
114,3N79,0,A,VAL,116,V,H,0.1056338028169014,-63.6,-40.9
115,3N79,0,A,LYS,117,K,H,0.4682926829268293,-73.4,-20.0
116,3N79,0,A,GLY,118,G,T,0.5119047619047619,-106.0,13.8
117,3N79,0,A,SER,119,S,S,0.2076923076923077,-153.8,-172.2
118,3N79,0,A,ASN,120,N,S,0.802547770700637,-114.2,20.8
119,3N79,0,A,VAL,121,V,-,0.07746478873239436,-74.2,161.5
120,3N79,0,A,THR,122,T,E,0.15492957746478872,-94.5,127.0
121,3N79,0,A,LEU,123,L,E,0.012195121951219513,-81.9,113.3
122,3N79,0,A,VAL,124,V,E,0.007042253521126761,-81.9,-47.6
123,3N79,0,A,ARG,125,R,E,0.036290322580645164,-164.6,156.1
124,3N79,0,A,VAL,126,V,E,0.07746478873239436,-121.0,124.7
125,3N79,0,A,HIS,127,H,E,0.41304347826086957,-117.7,134.6
126,3N79,0,A,MET,128,M,E,0.14893617021276595,-107.3,115.7
127,3N79,0,A,ALA,129,A,S,0.3584905660377358,-64.4,-40.0
128,3N79,0,A,PHE,130,F,S,0.8578680203045685,-160.1,78.1
129,3N79,0,A,GLY,131,G,S,0.07142857142857142,73.6,175.5
130,3N79,0,A,ILE,132,I,T,0.15976331360946747,-77.1,-16.2
131,3N79,0,A,GLY,133,G,T,0.6547619047619048,-97.1,-8.4
132,3N79,0,A,GLY,134,G,S,0.16666666666666666,-88.2,-171.6
133,3N79,0,A,LYS,135,K,E,0.33170731707317075,-57.2,130.8
134,3N79,0,A,CYS,136,C,E,0.0,-132.1,158.5
135,3N79,0,A,TYR,137,Y,E,0.24324324324324326,-151.1,151.5
136,3N79,0,A,MET,138,M,E,0.010638297872340425,-107.3,148.7
137,3N79,0,A,VAL,139,V,E,0.007042253521126761,-124.2,124.9
138,3N79,0,A,VAL,140,V,E,0.007042253521126761,-117.1,158.7
139,3N79,0,A,ALA,141,A,E,0.0,-143.5,145.8
140,3N79,0,A,GLY,142,G,E,0.023809523809523808,161.3,-164.3
141,3N79,0,A,ASP,143,D,-,0.3558282208588957,-64.3,147.7
142,3N79,0,A,VAL,144,V,H,0.31690140845070425,-53.6,-44.4
143,3N79,0,A,SER,145,S,H,0.676923076923077,-63.8,-38.8
144,3N79,0,A,ASP,146,D,H,0.12883435582822086,-66.6,-45.6
145,3N79,0,A,VAL,147,V,H,0.0,-61.1,-42.2
146,3N79,0,A,ASN,148,N,H,0.45222929936305734,-59.6,-43.5
147,3N79,0,A,ASN,149,N,H,0.5286624203821656,-58.5,-49.5
148,3N79,0,A,ALA,150,A,H,0.0,-61.4,-45.7
149,3N79,0,A,VAL,151,V,H,0.007042253521126761,-64.5,-41.8
150,3N79,0,A,THR,152,T,H,0.2746478873239437,-59.6,-49.3
151,3N79,0,A,VAL,153,V,H,0.2887323943661972,-60.3,-46.0
152,3N79,0,A,ALA,154,A,H,0.0,-63.1,-41.4
153,3N79,0,A,SER,155,S,H,0.07692307692307693,-64.8,-38.6
154,3N79,0,A,GLU,156,E,H,0.6391752577319587,-65.7,-41.7
155,3N79,0,A,SER,157,S,H,0.023076923076923078,-57.8,-53.3
156,3N79,0,A,ALA,158,A,H,0.0,-72.5,-35.3
157,3N79,0,A,GLY,159,G,H,0.44047619047619047,-70.9,-29.8
158,3N79,0,A,GLU,160,E,T,0.6804123711340206,-61.7,-23.1
159,3N79,0,A,LYS,161,K,T,0.424390243902439,-101.2,-2.0
160,3N79,0,A,GLY,162,G,T,0.7261904761904762,70.7,22.0
161,3N79,0,A,LEU,163,L,-,0.3231707317073171,-111.4,10.1
162,3N79,0,A,LEU,164,L,E,0.35365853658536583,-83.4,127.2
163,3N79,0,A,VAL,165,V,E,0.3380281690140845,-91.3,-52.2
164,3N79,0,A,TYR,166,Y,E,0.6666666666666666,-164.5,152.5
165,3N79,0,A,ARG,167,R,E,0.31451612903225806,-128.1,143.6
166,3N79,0,A,SER,168,S,E,0.2076923076923077,-145.3,131.0
167,3N79,0,A,VAL,169,V,E,0.29577464788732394,-109.7,120.0
168,3N79,0,A,ILE,170,I,E,0.24260355029585798,-122.0,88.5
169,3N79,0,A,PRO,171,P,E,0.3382352941176471,-63.5,149.1
170,3N79,0,A,ARG,172,R,S,0.7943548387096774,47.8,55.6
171,3N79,0,A,PRO,173,P,-,0.16176470588235295,-53.9,140.7
172,3N79,0,A,HIS,174,H,-,0.6467391304347826,-59.7,145.6
173,3N79,0,A,GLU,175,E,H,0.7989690721649485,-57.6,-31.2
174,3N79,0,A,ALA,176,A,H,0.6415094339622641,-82.9,-7.1
175,3N79,0,A,MET,177,M,H,0.43617021276595747,-107.8,-19.3
176,3N79,0,A,TRP,178,W,H,0.23348017621145375,-57.3,-50.8
177,3N79,0,A,ARG,179,R,H,0.7217741935483871,-59.7,-43.1
178,3N79,0,A,GLN,180,Q,H,0.5959595959595959,-64.0,-42.1
179,3N79,0,A,MET,181,M,H,0.10638297872340426,-58.8,-50.1
180,3N79,0,A,VAL,182,V,H,0.07042253521126761,-94.7,-11.4
181,3N79,0,A,GLU,183,E,H,0.5567010309278351,-121.2,-29.7
182,3N79,0,A,GLY,184,G,-,0.7380952380952381,87.9,360.0
